478163327 36 15
107420369 19 53
1181241943 54 3
1051802512 41 52
958682846 40 21
599310825 24 26
440213415 37 18
373399426 13 5
1812140441 46 14
136505587 5 37
127978094 3 46
402418010 43 56
939042955 15 57
999270936 59 42
113971123 6 32
854001193 48 55
1801823908 7 47
946785248 25 30
1929338154 18 10
1194819984 30 17
27911967 55 9
685731524 11 16
1815115025 56 36
1461364854 23 35
1193448329 14 41
667779376 42 28
924765563 51 45
1445662585 39 24
438989805 16 60
398340369 52 59
1631775357 45 38
415393687 53 39
1541804686 9 58
1477278577 21 25
1136108454 58 2
186618211 35 4
1973214822 8 31
536124280 22 49
1625792787 33 6
338444264 2 48
